8362.63
8561.05
8198.57
6993.6
7125.7
6619.34
8975.44
8524.89
5716.74
6065.88
7769.05
6495.06
7661.53
7693.62
7861.43
7252.36
6305.27
7317.77
7835.31
7390.08
6964.59
5850.23
6895.23
6689.46
6578.14
6724.05
8555.99
9224.51
7364.68
7785.38
7719.05
7221.48
7878.93
7388.73
8157.87
7199.61
7602.89
6610.32
8622.5
6716.36
7354.22
10515
6470.09
7648.37
6115.14
7798.75
6990.47
6915.23
7471.14
8444.89
7958.89
7074.46
6607.62
6531.38
8443.03
8572.85
7084.33
7163.6
6314.5
9735.29
7716.22
7974.34
7334.35
8467.69
