7716.52
7337.16
7832.19
7608.86
6402.46
8055.27
7566.14
7358.12
7156.62
10073.8
7939.32
7454.04
6914.53
6336.44
6986.72
8627.1
6549.14
6577.24
6426.54
7133.21
5787.54
7385.81
8681.07
6364.74
6787.6
6471.02
7228.88
6258.04
5557.66
8500.16
6450.03
10264.8
6778.79
7528.62
7867.92
7711.44
7984.52
8239.6
7621.22
6389.48
8324.29
7557.14
8607.13
8084.1
7662.36
7585.19
8701.01
7746.72
5899.36
5977.96
7975.59
6459.44
7258.52
6639.22
6037.56
7516.32
7761.64
8647.55
7767.85
7325.91
13959
7955.2
7837.61
7886.03
