8211.6
8365.97
6812.93
8894.81
7699.32
6915.54
7074.16
8149.52
7695.15
5974.55
6945.33
7718.82
6628.31
6266.73
8616.43
6908.09
6253.77
6971.28
6593.57
7059.7
7044.35
7429.55
8663.25
6953.55
7390.94
6426.87
8123.73
6649.14
6556.01
7250.28
7897.04
8462.1
8633.35
7895.3
6329.56
8286.67
7696.74
6737.53
7395.75
7830.44
7531.53
6067
7922.37
7850.68
7395.35
9531.37
6410.04
6419.69
6876.02
6988.42
6845.86
7101.92
7093.53
7936.88
6989.22
7732.35
6698.1
6907.11
6386.62
8008.17
7726.49
9107.78
8370.88
8448.16
