7387.81
7106.87
7319.69
7971.02
6880.81
6905.99
7847.7
8045.12
8012.02
7163.81
6859.83
6560.35
7922.04
7876.82
8057.6
7159.17
7388.12
6912.16
7634.59
5779.49
6449.89
7216.29
7040.09
6086.25
7399.35
6768.08
7279.07
6984.74
7357.05
7105.84
8026.07
7510.82
6461.08
7269.52
6638.93
5944.65
7683.17
9201.86
7272.19
7577.54
6405.63
7393.36
6234.06
6780.09
7588.05
7511.07
7156.4
7203.64
6762.73
7329.42
7128.76
7074.19
6884.25
7348.98
7382.31
7241.5
7538.64
7714.48
32209.5
7540.2
8025.82
6869.08
6425.66
7979.21
