7679.84
7525.79
6334.36
7245.02
7099.88
8474.14
6094.83
7626.07
7121.63
8827.22
7539.1
7626.26
5941.7
8077.89
7813.21
8481.26
7130.34
7373.64
7950.87
7358.95
8058.44
6865.72
7851.88
7607.82
7492.47
7602.5
7825.72
7824.97
7282.28
7051.94
6919.56
7040.83
7536.07
7200.71
7876.46
6799.5
6905.49
9220.3
8416.98
8129.8
7302.54
8377.45
7408.47
8080.74
8127.22
6712.28
7497.3
9398.28
8001.9
6604.17
8001.07
9648.16
8924.52
8825.33
8189.66
7503.52
8481.49
8302.97
7528.88
7660.63
10363.8
8757.58
8698.17
7987.7
