8140.11
7474.09
6321.71
8177.12
6895.16
8607.78
6976.91
7530.79
8796.44
7884.96
6415.95
7541.43
7179.8
6294.21
8418.89
7711.94
6468.89
8399.14
6575.76
6224.13
7269.93
7111.04
6208.3
8170.46
7353.34
7314.93
6761.64
7382.21
7057
7390.16
7721.98
7851.74
6771.26
7142.94
7033.27
7530.53
6279.81
6283.76
6564.4
7285.64
7995.87
9208.72
8154.97
7288.13
8278.95
7743.5
8400.8
7346.27
8444.36
8872.01
6724.3
8919.08
7002.63
8543.27
8208.11
7595.47
6886.5
8271.18
7884.13
7843.58
9247.1
8427.88
7081.15
8593.21
