7822.03
8149.26
7508.82
6903.15
6834.69
7529.78
6335.5
7617.16
7836.72
7156.62
7511.66
7072.12
7149
5567.23
8403.94
9726.9
6376.66
7366.16
6129.56
7247.1
6173.03
7160.81
7370.09
7564.72
5850.1
5951.91
7027.29
7403.66
8396.9
6943.12
7899.75
7137.83
6679.25
8904.71
8324.49
7136.57
7792.29
7184.09
6377.24
7575.56
6571.16
6419.03
7508.37
6453.23
8021.02
6661.25
7331.73
8070.25
6543.4
9643.13
7286.44
9153.69
7250.88
6997.53
8941.48
7645.44
7983.99
7525.74
7733.75
8846
8428.74
8758.09
7758.15
7391.78
