6468.85
7482.01
8428.59
6638.76
6998.9
5693.58
6823.28
6992.26
6909.03
7144.73
7814.9
7920.87
7229.94
6594.81
6801.35
7279.14
6653.35
6528.5
7677.73
7754.59
6636.37
6516.62
7682.3
7128.85
7254.2
6060.35
6331.25
6084.11
7081.58
7175.08
6195.03
7508.65
6479.37
6304.26
6268.76
6771.88
6865.43
8024.5
6618.24
6334.31
6575.43
6673.24
5660.2
7616.24
6574.76
7229.22
6992.87
7465.39
6753.81
7837.11
6590.43
7034.8
7908.12
6246.54
7468.32
6713.66
6547.63
7501.52
8310.13
6960.4
7279.99
7272.13
8025.97
7393.89
