9058.96
9028.08
9515.38
9777.48
8836.86
8289.23
8067.08
11133.6
11743.7
9783.49
8295.99
7947.98
7903.93
8270.66
8089.52
6526.84
6865.46
7597.19
8738.42
7289.09
6062.11
7407.97
6895.12
7285.25
6682.45
6663.1
6689.84
7262.2
8391.79
6966.51
6528.07
7056.98
7896.55
6584.13
7758.95
7101.86
8937.05
6955.01
10291
7946.09
8047.53
6994.72
7656.91
7065.84
6785.04
6584.86
8563.59
7983.65
7077.79
7632.77
9517.84
6730.19
8234.63
7759.88
8439.9
8061.53
8726.6
7605.41
9556.4
8467.81
7157.93
6695.37
7442.84
9380.9
