6838.63
6153.36
7114.16
5952.78
8811.3
6696.03
8129.23
7687.43
6429.99
6017.82
7327.24
6563.76
6198.69
7606.97
7048.81
7115.54
6768.75
6725.15
6695.42
6477.63
7388.36
5850.42
6391.18
7239.21
6508.14
7696.86
7295.46
6821.14
7696.1
6663.4
6497.27
6483.2
6828.71
8002.88
7202.27
6414.86
6238.94
6867.42
8678.59
7394.54
6513.14
6016.81
7597.05
7413.31
7231.92
6756.39
6952.01
8467.77
6024.04
6195.89
8404.13
7023.59
7110.46
7559.23
8092.22
7503.51
7714.67
13601.6
6596.68
8086.93
6715.37
7512.44
7706.59
8314.3
