7780.36
7167.68
8196.64
7322.01
7317.57
6099.03
6476.55
6278.97
7531.66
6021.28
8495.09
7209.59
7671.89
7276.56
8293.37
6609.73
6840.17
6605.96
6635.2
5935.97
8987.66
7465.27
7329.4
7206.43
5859.23
6443.98
9477.44
6830.36
7356.47
7433.66
7021.32
7581.74
5925.33
6552.7
5782.24
7545.27
8764.35
7309.34
7190.67
6966.26
8000.19
6395.6
5982.46
6116.61
8026.35
6664.11
6807.96
6900.77
7901.33
7920.47
7327.8
8239.52
8600.85
7641.02
7588.01
8567.31
8010.71
6705.37
6948.13
7725.96
7786.22
7767.99
6606.65
7201.37
