6153.84
7296.18
6580.11
8108.71
7347.36
7649.81
6137.92
6724.69
6220.45
5910.97
6604.44
6360.94
6156.42
6333.54
6788.04
6072.3
6821.59
7111.4
6480.88
6484.13
7006.52
7260.22
7483.58
7005.95
6805.79
7725.4
5831.14
6523.98
7071.67
7766.02
7117.78
6920.28
8257.8
6016.99
7403.68
6619.91
7382.86
7696.51
6940.87
7126.78
7672.58
6049.96
6225.04
5801.36
6284.36
6198.92
8063.21
7173.93
7242.12
7820.96
7378.77
6849.93
6777.26
8008.18
7285.18
5915.53
6560.64
6883.81
5907.5
7251.96
7243.53
7028.77
8032.04
8221.16
